D:
- - 0.0
  - 0.0
  - 0.0
  - 0.0
  - 0.0
_calibrating_version: 0.4.8
cx: 1037.599716850734
cy: 758.3072639103259
fx: 1474.1182177692722
fy: 1474.125874583105
name: camd
xy:
- 2048
- 1536

# {"intric": [1474.1182177692722, 1474.125874583105, 1037.599716850734, 758.3072639103259]}
