D:
- - 0.018748738306689734
  - -0.043912569136529196
  - 0.00197639926838906
  - -0.0007893330239576223
  - 0.09037379120454408
_calibrating_version: 0.5.20
cx: 1035.371890759921
cy: 771.9144549526762
fx: 1512.9471855316813
fy: 1511.533950293063
name: cam0
retval: 0.8790115772969177
xy:
- 2048
- 1536
