{
 "fl_x": 3494.13259313643,
 "fl_y": 3486.890632747684,
 "cx": 2057.0429596819336,
 "cy": 1466.5432514253498,
 "w": 4024,
 "h": 3036,
 "camera_angle_x": 1.0449043104103093,
 "camera_angle_y": 0.8212002542774927,
 "coordinate_type": "nerf",
 "k1": -0.03271512462440174,
 "k2": 0.10036332922353441,
 "p1": -0.007343386261580289,
 "p2": 0.0017587171805332096,
 "frames": [
  {
   "file_path": "/home/dl/megvii/project/ai_asrs/inventory_station/info/exps/few_shot_calibrate/imgs_A3_5boards_4x4/0-left.jpg",
   "transform_matrix": [
    [
     0.19963938350953706,
     -0.9730566601233482,
     -0.11534666333070613,
     -0.07972282918537726
    ],
    [
     0.9615702994800223,
     0.21719260515366556,
     -0.16795812402043714,
     -0.3196945124063384
    ],
    [
     0.1884852135044885,
     -0.07738286926806989,
     0.9790225818815459,
     1.963212133368721
    ],
    [
     0.0,
     0.0,
     0.0,
     1.0
    ]
   ],
   "sharpness": 47.54354742673042
  },
  {
   "file_path": "/home/dl/megvii/project/ai_asrs/inventory_station/info/exps/few_shot_calibrate/imgs_A3_5boards_4x4/1-left.jpg",
   "transform_matrix": [
    [
     0.5794123910499767,
     -0.8116446607388662,
     -0.07425783320189126,
     -0.04623248331785573
    ],
    [
     0.7989708553151051,
     0.5836299588648355,
     -0.14498842530519335,
     -0.2838172558653361
    ],
    [
     0.16101817740490773,
     0.02467824567349154,
     0.986642858756744,
     1.9115925837169208
    ],
    [
     0.0,
     0.0,
     0.0,
     1.0
    ]
   ],
   "sharpness": 47.97881330158353
  },
  {
   "file_path": "/home/dl/megvii/project/ai_asrs/inventory_station/info/exps/few_shot_calibrate/imgs_A3_5boards_4x4/10-left.jpg",
   "transform_matrix": [
    [
     0.16814467680646913,
     -0.9715606587510432,
     0.16672508518182524,
     -0.2438098526675986
    ],
    [
     0.9652859324396693,
     0.12798591416521748,
     -0.22768986452930173,
     -0.261975234096382
    ],
    [
     0.19987605233175468,
     0.19922221799420964,
     0.9593539865772908,
     0.9376510359314013
    ],
    [
     0.0,
     0.0,
     0.0,
     1.0
    ]
   ],
   "sharpness": 50.96697867681027
  },
  {
   "file_path": "/home/dl/megvii/project/ai_asrs/inventory_station/info/exps/few_shot_calibrate/imgs_A3_5boards_4x4/11-left.jpg",
   "transform_matrix": [
    [
     0.20046006556448923,
     -0.9797016856452523,
     0.0006076658064618941,
     -0.2827115817510691
    ],
    [
     0.9557499943340585,
     0.1954228408032267,
     -0.21989056738033147,
     -0.01735269632270574
    ],
    [
     0.21530840774184398,
     0.04466005414515697,
     0.9755243559847306,
     0.6892135725587271
    ],
    [
     0.0,
     0.0,
     0.0,
     1.0
    ]
   ],
   "sharpness": 56.60213562158909
  },
  {
   "file_path": "/home/dl/megvii/project/ai_asrs/inventory_station/info/exps/few_shot_calibrate/imgs_A3_5boards_4x4/12-left.jpg",
   "transform_matrix": [
    [
     0.9035330898275825,
     0.35895973414596677,
     0.2340424424083785,
     0.47701652617112333
    ],
    [
     -0.31863758009617216,
     0.9279849277892481,
     -0.1931684921161807,
     -0.16691730260805795
    ],
    [
     -0.28652756959335973,
     0.09995940705026424,
     0.9528431501590814,
     1.2311538031198124
    ],
    [
     0.0,
     0.0,
     0.0,
     1.0
    ]
   ],
   "sharpness": 51.60540372602189
  },
  {
   "file_path": "/home/dl/megvii/project/ai_asrs/inventory_station/info/exps/few_shot_calibrate/imgs_A3_5boards_4x4/13-left.jpg",
   "transform_matrix": [
    [
     0.20605921093009028,
     -0.9781969073869164,
     -0.025892314874117632,
     0.05812997507172282
    ],
    [
     0.9619281774094768,
     0.2073450806999684,
     -0.1780511134904957,
     -0.5833665188655839
    ],
    [
     0.17953769269028283,
     0.011782524695303269,
     0.9836805319895547,
     2.1475826558781828
    ],
    [
     0.0,
     0.0,
     0.0,
     1.0
    ]
   ],
   "sharpness": 46.189631059561655
  },
  {
   "file_path": "/home/dl/megvii/project/ai_asrs/inventory_station/info/exps/few_shot_calibrate/imgs_A3_5boards_4x4/14-left.jpg",
   "transform_matrix": [
    [
     0.2937991547094721,
     -0.929568075005098,
     -0.22267745872296119,
     -0.2771537772244138
    ],
    [
     0.8342313101576857,
     0.363081459892464,
     -0.4150059934928025,
     -0.4254380553868117
    ],
    [
     0.46662637928495937,
     -0.0638360980454898,
     0.8821478190993475,
     0.8671318705501792
    ],
    [
     0.0,
     0.0,
     0.0,
     1.0
    ]
   ],
   "sharpness": 56.36728192394167
  },
  {
   "file_path": "/home/dl/megvii/project/ai_asrs/inventory_station/info/exps/few_shot_calibrate/imgs_A3_5boards_4x4/15-left.jpg",
   "transform_matrix": [
    [
     0.26435712572741504,
     -0.9397243010558679,
     0.21687219296673416,
     -0.29169455780604564
    ],
    [
     0.7842210439963379,
     0.0785681268989211,
     -0.6154871270700054,
     -0.453073983839153
    ],
    [
     0.5613489683168875,
     0.3327841454165984,
     0.7577216166435469,
     0.895665576974728
    ],
    [
     0.0,
     0.0,
     0.0,
     1.0
    ]
   ],
   "sharpness": 52.27243800013149
  },
  {
   "file_path": "/home/dl/megvii/project/ai_asrs/inventory_station/info/exps/few_shot_calibrate/imgs_A3_5boards_4x4/16-left.jpg",
   "transform_matrix": [
    [
     0.3166044577150633,
     -0.8688592066730892,
     -0.38058546521689507,
     -0.26813865661047687
    ],
    [
     0.802290200477466,
     0.45933842165409544,
     -0.38123306337482227,
     -0.4144622292501193
    ],
    [
     0.5060553838986179,
     -0.1846399018948344,
     0.842505819003933,
     0.8559588688442052
    ],
    [
     0.0,
     0.0,
     0.0,
     1.0
    ]
   ],
   "sharpness": 55.498879247338955
  },
  {
   "file_path": "/home/dl/megvii/project/ai_asrs/inventory_station/info/exps/few_shot_calibrate/imgs_A3_5boards_4x4/17-left.jpg",
   "transform_matrix": [
    [
     0.19370255678347562,
     -0.9808332894433499,
     0.021103976290786898,
     0.1019472508901979
    ],
    [
     0.9634206953124996,
     0.18611486899849575,
     -0.1928258784013499,
     -0.45285912800483985
    ],
    [
     0.18520227681949233,
     0.057682873172289505,
     0.9810060156815886,
     2.3607052297758444
    ],
    [
     0.0,
     0.0,
     0.0,
     1.0
    ]
   ],
   "sharpness": 47.43838885317265
  },
  {
   "file_path": "/home/dl/megvii/project/ai_asrs/inventory_station/info/exps/few_shot_calibrate/imgs_A3_5boards_4x4/2-left.jpg",
   "transform_matrix": [
    [
     -0.5328795128113925,
     -0.8442622514168387,
     0.05710232620886355,
     -0.003141304759367934
    ],
    [
     0.7880221846024331,
     -0.519704713966196,
     -0.3300424925001675,
     -0.6022869444046751
    ],
    [
     0.3083187658905984,
     -0.13087498276555762,
     0.9422373785229563,
     1.6520163392163956
    ],
    [
     0.0,
     0.0,
     0.0,
     1.0
    ]
   ],
   "sharpness": 49.62470818601783
  },
  {
   "file_path": "/home/dl/megvii/project/ai_asrs/inventory_station/info/exps/few_shot_calibrate/imgs_A3_5boards_4x4/3-left.jpg",
   "transform_matrix": [
    [
     0.28464635524396026,
     -0.8748048021839673,
     -0.39203700147077913,
     -0.29039042643528923
    ],
    [
     0.8648159265238006,
     0.41077944957780915,
     -0.2887103341332495,
     -0.1450637124638672
    ],
    [
     0.41360593041820576,
     -0.2568594983262689,
     0.8734719986596408,
     1.017519646806523
    ],
    [
     0.0,
     0.0,
     0.0,
     1.0
    ]
   ],
   "sharpness": 54.77621743844895
  },
  {
   "file_path": "/home/dl/megvii/project/ai_asrs/inventory_station/info/exps/few_shot_calibrate/imgs_A3_5boards_4x4/4-left.jpg",
   "transform_matrix": [
    [
     0.19442729388138938,
     -0.9697979334962086,
     -0.147275237499193,
     -0.21602077465837333
    ],
    [
     0.9791496155075163,
     0.20088568252342073,
     -0.03018232940947628,
     -0.18389114942493295
    ],
    [
     0.05885624729323621,
     -0.13833622354099176,
     0.9886349333353407,
     1.010226177122412
    ],
    [
     0.0,
     0.0,
     0.0,
     1.0
    ]
   ],
   "sharpness": 53.12745200713755
  },
  {
   "file_path": "/home/dl/megvii/project/ai_asrs/inventory_station/info/exps/few_shot_calibrate/imgs_A3_5boards_4x4/5-left.jpg",
   "transform_matrix": [
    [
     0.3124817580367619,
     -0.8329861837158209,
     -0.4566061416941382,
     -0.1837571917545114
    ],
    [
     0.7845897717971075,
     0.49730051773055917,
     -0.37028514020451947,
     -0.15298774931239625
    ],
    [
     0.5355128764890882,
     -0.24254115692696435,
     0.8089497798447762,
     1.0004427854860303
    ],
    [
     0.0,
     0.0,
     0.0,
     1.0
    ]
   ],
   "sharpness": 52.29168499447777
  },
  {
   "file_path": "/home/dl/megvii/project/ai_asrs/inventory_station/info/exps/few_shot_calibrate/imgs_A3_5boards_4x4/6-left.jpg",
   "transform_matrix": [
    [
     0.0930643056272627,
     -0.9912683160828885,
     -0.09341392052745817,
     -0.15007693431803293
    ],
    [
     0.9320041741934266,
     0.05372173093817836,
     0.35844413080846305,
     0.03627701019798465
    ],
    [
     -0.35029595245184325,
     -0.12042051799922138,
     0.9288657839217972,
     1.243766204307033
    ],
    [
     0.0,
     0.0,
     0.0,
     1.0
    ]
   ],
   "sharpness": 50.06514552298096
  },
  {
   "file_path": "/home/dl/megvii/project/ai_asrs/inventory_station/info/exps/few_shot_calibrate/imgs_A3_5boards_4x4/7-left.jpg",
   "transform_matrix": [
    [
     0.38842787139509355,
     -0.8778805013780995,
     -0.28008858245850177,
     -0.18260128651305832
    ],
    [
     0.7619783719935298,
     0.47692267783655556,
     -0.43810240809575407,
     -0.40184221983353735
    ],
    [
     0.518182158451607,
     -0.04325025624600619,
     0.854176015817049,
     1.2490622455519973
    ],
    [
     0.0,
     0.0,
     0.0,
     1.0
    ]
   ],
   "sharpness": 50.336361516929216
  },
  {
   "file_path": "/home/dl/megvii/project/ai_asrs/inventory_station/info/exps/few_shot_calibrate/imgs_A3_5boards_4x4/8-left.jpg",
   "transform_matrix": [
    [
     0.20735245931883625,
     -0.9782562624739755,
     0.004431991073861182,
     -0.11574934141418307
    ],
    [
     0.947956615473853,
     0.20204497934850704,
     0.2460814529772989,
     0.03160262406178482
    ],
    [
     -0.24162618399872854,
     -0.04682425920940769,
     0.9692390190018675,
     1.4641686268926974
    ],
    [
     0.0,
     0.0,
     0.0,
     1.0
    ]
   ],
   "sharpness": 48.876287891788124
  },
  {
   "file_path": "/home/dl/megvii/project/ai_asrs/inventory_station/info/exps/few_shot_calibrate/imgs_A3_5boards_4x4/9-left.jpg",
   "transform_matrix": [
    [
     0.23345106754646722,
     -0.9266106184069193,
     -0.294776798471253,
     -0.23623165696143988
    ],
    [
     0.9265306996372277,
     0.3039584200410876,
     -0.22169831193736067,
     -0.2638433494288581
    ],
    [
     0.29502789985214,
     -0.22136404572936547,
     0.9294926022121762,
     0.8981891320060352
    ],
    [
     0.0,
     0.0,
     0.0,
     1.0
    ]
   ],
   "sharpness": 55.11811263202666
  }
 ]
}