{
 "fl_x": 3494.132594211652,
 "fl_y": 3486.890634015227,
 "cx": 2057.04296339118,
 "cy": 1466.5432501602982,
 "w": 4024,
 "h": 3036,
 "camera_angle_x": 1.0449043101441673,
 "camera_angle_y": 0.8212002540114115,
 "k1": -0.03271512469798235,
 "k2": 0.10036333011080441,
 "p1": -0.0073433864019754585,
 "p2": 0.0017587175471122218,
 "frames": [
  {
   "file_path": "0-left.jpg",
   "transform_matrix": [
    [
     0.19966237371277107,
     -0.9730623486408295,
     -0.11525884860163575,
     -0.07950201957921994
    ],
    [
     0.9615695849732997,
     0.21719835397568715,
     -0.1679547804753661,
     -0.31976436520673507
    ],
    [
     0.18846450535222292,
     -0.07729515306825631,
     0.9790334976569989,
     1.9631558319205518
    ],
    [
     0.0,
     0.0,
     0.0,
     1.0
    ]
   ],
   "sharpness": 47.54354742673042
  },
  {
   "file_path": "1-left.jpg",
   "transform_matrix": [
    [
     0.579431621320446,
     -0.8116390029876741,
     -0.07416956952236885,
     -0.04601687333796094
    ],
    [
     0.7989681628818154,
     0.583634831506971,
     -0.14498364788170717,
     -0.28388779421488997
    ],
    [
     0.16096232762735727,
     0.024748985454028056,
     0.9866501998194597,
     1.9115335232297632
    ],
    [
     0.0,
     0.0,
     0.0,
     1.0
    ]
   ],
   "sharpness": 47.97881330158353
  },
  {
   "file_path": "10-left.jpg",
   "transform_matrix": [
    [
     0.16838480522841232,
     -0.9714900780288128,
     0.1668939353594392,
     -0.24363498643039969
    ],
    [
     0.9652725233430878,
     0.12820313960560917,
     -0.22762449489045075,
     -0.2617981617705338
    ],
    [
     0.1997386118081775,
     0.1994266363524083,
     0.9593401397138068,
     0.9377343177381271
    ],
    [
     0.0,
     0.0,
     0.0,
     1.0
    ]
   ],
   "sharpness": 50.96697867681027
  },
  {
   "file_path": "11-left.jpg",
   "transform_matrix": [
    [
     0.20070192854523056,
     -0.9796520434062801,
     0.0007808508980606234,
     -0.28254255929841543
    ],
    [
     0.9557316767037136,
     0.1956261605829006,
     -0.21978937062720222,
     -0.0171933786920415
    ],
    [
     0.21516435119074356,
     0.04485843449668097,
     0.9755470377337905,
     0.6892793945780551
    ],
    [
     0.0,
     0.0,
     0.0,
     1.0
    ]
   ],
   "sharpness": 56.60213562158909
  },
  {
   "file_path": "12-left.jpg",
   "transform_matrix": [
    [
     0.9035403679646514,
     0.3589206572780657,
     0.23407427290794627,
     0.4771158064765068
    ],
    [
     -0.3185878120947084,
     0.9279977207448974,
     -0.19318912049331965,
     -0.16703849180035202
    ],
    [
     -0.2865599578500269,
     0.09998095854389918,
     0.9528311489900161,
     1.2310677100769778
    ],
    [
     0.0,
     0.0,
     0.0,
     1.0
    ]
   ],
   "sharpness": 51.60540372602189
  },
  {
   "file_path": "13-left.jpg",
   "transform_matrix": [
    [
     0.20601818721179943,
     -0.9782064925562268,
     -0.025856613444307806,
     0.05827653022438564
    ],
    [
     0.9619328111463488,
     0.20729797362420205,
     -0.17808092815173346,
     -0.5835358250902626
    ],
    [
     0.17955994369025388,
     0.011815585137607295,
     0.9836760740049588,
     2.1474904762260785
    ],
    [
     0.0,
     0.0,
     0.0,
     1.0
    ]
   ],
   "sharpness": 46.189631059561655
  },
  {
   "file_path": "14-left.jpg",
   "transform_matrix": [
    [
     0.2939211571117684,
     -0.9295632121491597,
     -0.22253671162533034,
     -0.2769547374262463
    ],
    [
     0.8342411430672155,
     0.36312026173527656,
     -0.4149522752452504,
     -0.4254418760944355
    ],
    [
     0.46653195883667503,
     -0.0636860277944899,
     0.8822086041565083,
     0.8671684746648589
    ],
    [
     0.0,
     0.0,
     0.0,
     1.0
    ]
   ],
   "sharpness": 56.36728192394167
  },
  {
   "file_path": "15-left.jpg",
   "transform_matrix": [
    [
     0.26464253594123666,
     -0.9396343046187798,
     0.21691404231670486,
     -0.29156991762268186
    ],
    [
     0.7842245490303893,
     0.07879516190828025,
     -0.6154536368874024,
     -0.45289160546367896
    ],
    [
     0.5612095730372691,
     0.3329845282343158,
     0.7577368402604537,
     0.8957791965161608
    ],
    [
     0.0,
     0.0,
     0.0,
     1.0
    ]
   ],
   "sharpness": 52.27243800013149
  },
  {
   "file_path": "16-left.jpg",
   "transform_matrix": [
    [
     0.3166298158160966,
     -0.868884768150066,
     -0.38050600443760535,
     -0.26801063361119276
    ],
    [
     0.8022922515718031,
     0.4593213325562165,
     -0.38124933642778813,
     -0.41459330365622327
    ],
    [
     0.5060362662933477,
     -0.18456211186369717,
     0.8425343459232393,
     0.8558856313709603
    ],
    [
     0.0,
     0.0,
     0.0,
     1.0
    ]
   ],
   "sharpness": 55.498879247338955
  },
  {
   "file_path": "17-left.jpg",
   "transform_matrix": [
    [
     0.19366326575305542,
     -0.9808402938835502,
     0.021139001686270077,
     0.1020937961809549
    ],
    [
     0.9634240590433828,
     0.18606811490517872,
     -0.19285419122229547,
     -0.453028709979922
    ],
    [
     0.18522586740040914,
     0.057714595294985196,
     0.9809996959916462,
     2.360620039182659
    ],
    [
     0.0,
     0.0,
     0.0,
     1.0
    ]
   ],
   "sharpness": 47.43838885317265
  },
  {
   "file_path": "2-left.jpg",
   "transform_matrix": [
    [
     -0.5329085097429337,
     -0.8442410362550836,
     0.05714536679826561,
     -0.0030120372138006876
    ],
    [
     0.7879866355523653,
     -0.5197410936042877,
     -0.3300700801494787,
     -0.6024432040310638
    ],
    [
     0.3083595019363431,
     -0.13086736920241832,
     0.942225105398709,
     1.6519267241024682
    ],
    [
     0.0,
     0.0,
     0.0,
     1.0
    ]
   ],
   "sharpness": 49.62470818601783
  },
  {
   "file_path": "3-left.jpg",
   "transform_matrix": [
    [
     0.2846897556653946,
     -0.8748233248328204,
     -0.391964148038603,
     -0.29025490723997516
    ],
    [
     0.8648142393021919,
     0.4107867037527404,
     -0.2887050666686154,
     -0.14513717666960163
    ],
    [
     0.413579586681148,
     -0.25678480163048667,
     0.8735064345110702,
     1.0174824563033629
    ],
    [
     0.0,
     0.0,
     0.0,
     1.0
    ]
   ],
   "sharpness": 54.77621743844895
  },
  {
   "file_path": "4-left.jpg",
   "transform_matrix": [
    [
     0.19448215043178446,
     -0.9698140340602314,
     -0.14709667740383853,
     -0.21578396573923592
    ],
    [
     0.9791437932896729,
     0.20092248841138804,
     -0.030126163261947083,
     -0.18389005313573153
    ],
    [
     0.0587718063848525,
     -0.13816979767805931,
     0.9886632297116471,
     1.0102396374204585
    ],
    [
     0.0,
     0.0,
     0.0,
     1.0
    ]
   ],
   "sharpness": 53.12745200713755
  },
  {
   "file_path": "5-left.jpg",
   "transform_matrix": [
    [
     0.3124011011183109,
     -0.8330354289051113,
     -0.4565714907973821,
     -0.183684192203154
    ],
    [
     0.7845847869933984,
     0.4972332064683767,
     -0.3703860828968879,
     -0.1532349425492094
    ],
    [
     0.5355672357777226,
     -0.2425100257186366,
     0.8089231257587803,
     1.0003285942473816
    ],
    [
     0.0,
     0.0,
     0.0,
     1.0
    ]
   ],
   "sharpness": 52.29168499447777
  },
  {
   "file_path": "6-left.jpg",
   "transform_matrix": [
    [
     0.09301573787559866,
     -0.9912793506792121,
     -0.09334517354666391,
     -0.14992856133415253
    ],
    [
     0.9320099483097423,
     0.053702005357893226,
     0.35843207288440565,
     0.036145160696931265
    ],
    [
     -0.3502934894615213,
     -0.12033845410981371,
     0.9288773480408111,
     1.2436895035874238
    ],
    [
     0.0,
     0.0,
     0.0,
     1.0
    ]
   ],
   "sharpness": 50.06514552298096
  },
  {
   "file_path": "7-left.jpg",
   "transform_matrix": [
    [
     0.3884785947828584,
     -0.8778801344075434,
     -0.28001937612981204,
     -0.1824481351828691
    ],
    [
     0.7619778581241781,
     0.47692991230385146,
     -0.43809542622393377,
     -0.4019121767367615
    ],
    [
     0.5181448881577676,
     -0.04317786889639146,
     0.8542022866473377,
     1.2490191131006374
    ],
    [
     0.0,
     0.0,
     0.0,
     1.0
    ]
   ],
   "sharpness": 50.336361516929216
  },
  {
   "file_path": "8-left.jpg",
   "transform_matrix": [
    [
     0.20733378107392397,
     -0.9782598026622286,
     0.004523463368684951,
     -0.11557146128095692
    ],
    [
     0.9479544309245126,
     0.2020487201074966,
     0.2460867968695307,
     0.03153384828295239
    ],
    [
     -0.24165078132746304,
     -0.04673406892386091,
     0.9692372396300334,
     1.464115326964534
    ],
    [
     0.0,
     0.0,
     0.0,
     1.0
    ]
   ],
   "sharpness": 48.876287891788124
  },
  {
   "file_path": "9-left.jpg",
   "transform_matrix": [
    [
     0.2334561777154119,
     -0.9266355867799193,
     -0.29469425240330815,
     -0.2361030301878349
    ],
    [
     0.9265325652343358,
     0.30394112246818183,
     -0.22171422965850093,
     -0.2639739115662769
    ],
    [
     0.29501799715744587,
     -0.22128326503786147,
     0.9295149799585767,
     0.8981144639613431
    ],
    [
     0.0,
     0.0,
     0.0,
     1.0
    ]
   ],
   "sharpness": 55.11811263202666
  }
 ]
}