{
 "fl_x": 3064.9108427406104,
 "fl_y": 3155.5594517647546,
 "cx": 502.59738586182027,
 "cy": 218.15430467223385,
 "w": 1000,
 "h": 667,
 "camera_angle_x": 0.3234246787584063,
 "camera_angle_y": 0.2105912246742676,
 "k1": -1.1017653709156858,
 "k2": 92.35693037668891,
 "p1": -0.0514811255004512,
 "p2": -0.0003151565655847862,
 "frames": [
  {
   "file_path": "DSC02083.jpg",
   "transform_matrix": [
    [
     -0.9051274005680244,
     0.29460269593545757,
     -0.30651858065789644,
     -0.16925905311268605
    ],
    [
     -0.42252436227989626,
     -0.5434920812533152,
     0.7253202884897862,
     1.3608735039910684
    ],
    [
     0.04709089106120259,
     0.7860188351194263,
     0.6164063909601858,
     1.5571512531366067
    ],
    [
     0.0,
     0.0,
     0.0,
     1.0
    ]
   ],
   "sharpness": 216.10570459910446
  },
  {
   "file_path": "DSC02084.jpg",
   "transform_matrix": [
    [
     -0.9491283602678245,
     0.2642974281702863,
     -0.17117892743525126,
     0.176243631386031
    ],
    [
     -0.31007801662902396,
     -0.6897962444719381,
     0.6542421300373592,
     1.093576613075458
    ],
    [
     0.05483593109195331,
     0.674038582408294,
     0.7366580007617484,
     1.7690569012190966
    ],
    [
     0.0,
     0.0,
     0.0,
     1.0
    ]
   ],
   "sharpness": 174.87210343629758
  },
  {
   "file_path": "DSC02085.jpg",
   "transform_matrix": [
    [
     -0.43722531936655284,
     0.6229885990287402,
     -0.6486287270735265,
     -0.7978778677689007
    ],
    [
     -0.8959091759582707,
     -0.23866412097047907,
     0.3746814457578078,
     0.4476562278240454
    ],
    [
     0.07861786399151555,
     0.7449326431574843,
     0.6624911988998917,
     1.4724476494878036
    ],
    [
     0.0,
     0.0,
     0.0,
     1.0
    ]
   ],
   "sharpness": 255.7645300888626
  },
  {
   "file_path": "DSC02086.jpg",
   "transform_matrix": [
    [
     -0.3995285335248035,
     0.7616595389123645,
     -0.5101487015403693,
     -0.5149203551573278
    ],
    [
     -0.9149984597604088,
     -0.2972293034554176,
     0.27282331242671953,
     0.25044311260125907
    ],
    [
     0.05616733512994931,
     0.5757859740834368,
     0.8156688926967784,
     1.7925016292988252
    ],
    [
     0.0,
     0.0,
     0.0,
     1.0
    ]
   ],
   "sharpness": 474.29262665428945
  },
  {
   "file_path": "DSC02087.jpg",
   "transform_matrix": [
    [
     0.40194374207302297,
     0.5077673023094517,
     -0.7619800488947968,
     -1.1752343506041856
    ],
    [
     -0.9150020580077945,
     0.19108537831115904,
     -0.3553274715486856,
     -1.103193999058132
    ],
    [
     -0.03482042575609675,
     0.8400349664752432,
     0.5414136986160407,
     1.3335442521091256
    ],
    [
     0.0,
     0.0,
     0.0,
     1.0
    ]
   ],
   "sharpness": 246.97711903983006
  },
  {
   "file_path": "DSC02088.jpg",
   "transform_matrix": [
    [
     0.35664748758758646,
     0.8426192586328746,
     -0.4034790633706377,
     -0.5111947413593215
    ],
    [
     -0.9340558647461282,
     0.33016009351916364,
     -0.13613946591925266,
     -0.684243365395717
    ],
    [
     0.018498949451918125,
     0.42542578392523633,
     0.9048042281293636,
     2.4709745067594007
    ],
    [
     0.0,
     0.0,
     0.0,
     1.0
    ]
   ],
   "sharpness": 611.439340538885
  },
  {
   "file_path": "DSC02089.jpg",
   "transform_matrix": [
    [
     0.7897834238963782,
     0.41364932706253665,
     -0.4529198356875352,
     -0.4209414813882338
    ],
    [
     -0.6132192857735808,
     0.5152578458491586,
     -0.5987248615568121,
     -1.587290172515563
    ],
    [
     -0.014291637199871605,
     0.7506021492852222,
     0.6605998505862319,
     1.5250113620973773
    ],
    [
     0.0,
     0.0,
     0.0,
     1.0
    ]
   ],
   "sharpness": 363.867660611964
  },
  {
   "file_path": "DSC02090.jpg",
   "transform_matrix": [
    [
     0.8962229409506728,
     0.3999037870217987,
     -0.19199323227486711,
     0.03335732319448486
    ],
    [
     -0.4436013844775808,
     0.8093940207839037,
     -0.38483649880025556,
     -1.3337718778542118
    ],
    [
     0.0015006009798206117,
     0.43006776238738187,
     0.9027953632755374,
     2.6096045038306244
    ],
    [
     0.0,
     0.0,
     0.0,
     1.0
    ]
   ],
   "sharpness": 895.1604872551832
  },
  {
   "file_path": "DSC02091.jpg",
   "transform_matrix": [
    [
     0.8210931633383853,
     -0.387399363441744,
     0.41919893883918075,
     1.363397545502256
    ],
    [
     0.569702498886228,
     0.5108116101966944,
     -0.6438249464342364,
     -1.6117376057866653
    ],
    [
     0.03528568947535061,
     0.76745894489099,
     0.6401263063060737,
     1.4029177550065126
    ],
    [
     0.0,
     0.0,
     0.0,
     1.0
    ]
   ],
   "sharpness": 297.1743576870614
  },
  {
   "file_path": "DSC02092.jpg",
   "transform_matrix": [
    [
     0.6976969546750671,
     -0.6551367870023829,
     0.289852979548825,
     1.2915547114301134
    ],
    [
     0.7163904960513325,
     0.639111160459883,
     -0.27985993236429374,
     -1.0334494107911494
    ],
    [
     -0.0019017372223566445,
     0.4029053423470775,
     0.915239678173822,
     2.6327852121200825
    ],
    [
     0.0,
     0.0,
     0.0,
     1.0
    ]
   ],
   "sharpness": 1340.0548091560725
  },
  {
   "file_path": "DSC02093.jpg",
   "transform_matrix": [
    [
     0.08659029541125951,
     -0.480131818616288,
     0.8729121132696045,
     2.612068998044693
    ],
    [
     0.9956357256801475,
     0.07232020670802533,
     -0.05898550204138925,
     -0.4499553647691508
    ],
    [
     -0.03480836810246996,
     0.874210057396919,
     0.484298619713208,
     1.2571122359829463
    ],
    [
     0.0,
     0.0,
     0.0,
     1.0
    ]
   ],
   "sharpness": 175.5699173912391
  },
  {
   "file_path": "DSC02094.jpg",
   "transform_matrix": [
    [
     0.09701606432954765,
     -0.903387401403488,
     0.4177069382323669,
     1.5388174190903323
    ],
    [
     0.9952575491871742,
     0.08506578989510329,
     -0.04718285891572789,
     -0.42392780089736015
    ],
    [
     0.0070918296612654036,
     0.4203034788994441,
     0.9073558792321127,
     2.376424567979072
    ],
    [
     0.0,
     0.0,
     0.0,
     1.0
    ]
   ],
   "sharpness": 538.6599273677615
  },
  {
   "file_path": "DSC02095.jpg",
   "transform_matrix": [
    [
     -0.8534074079160244,
     -0.2678720377351916,
     0.4471469193829343,
     1.6494518752327614
    ],
    [
     0.5199278427926375,
     -0.49839965712486217,
     0.6937382936430816,
     1.4057703526046925
    ],
    [
     0.0370247809317859,
     0.8245255321561706,
     0.5646120902172903,
     1.5172860655719196
    ],
    [
     0.0,
     0.0,
     0.0,
     1.0
    ]
   ],
   "sharpness": 420.3747690984291
  },
  {
   "file_path": "DSC02096.jpg",
   "transform_matrix": [
    [
     -0.9007774169812877,
     -0.3456799765387119,
     0.26287905750879975,
     1.2642993288799391
    ],
    [
     0.43316511370824734,
     -0.7585272000886056,
     0.4868310497409359,
     1.0850335060577965
    ],
    [
     0.03111316960131821,
     0.5523964523292453,
     0.833000678349918,
     2.6038375500286586
    ],
    [
     0.0,
     0.0,
     0.0,
     1.0
    ]
   ],
   "sharpness": 604.5104595213638
  },
  {
   "file_path": "DSC02097.jpg",
   "transform_matrix": [
    [
     -0.9985744506837855,
     0.04212444156364945,
     -0.03278105953941706,
     0.4083450969525119
    ],
    [
     -0.05057237727178498,
     -0.5502195332071023,
     0.833487192423758,
     2.105920139716927
    ],
    [
     0.017073403253492558,
     0.8339568314369212,
     0.5515655012788917,
     1.7272245292391952
    ],
    [
     0.0,
     0.0,
     0.0,
     1.0
    ]
   ],
   "sharpness": 269.6645212564909
  },
  {
   "file_path": "DSC02098.jpg",
   "transform_matrix": [
    [
     -0.9805315149614349,
     0.18774199866359864,
     -0.05754033459435813,
     0.32699163442655205
    ],
    [
     -0.1892025479510192,
     -0.8249040870178171,
     0.5326684175640074,
     1.4530154537520312
    ],
    [
     0.05253897616318437,
     0.533184948361353,
     0.8443657186460294,
     2.8974001354469143
    ],
    [
     0.0,
     0.0,
     0.0,
     1.0
    ]
   ],
   "sharpness": 569.6280111592755
  },
  {
   "file_path": "DSC02099.jpg",
   "transform_matrix": [
    [
     -0.9649269857995466,
     0.2477597903874203,
     -0.0867813248515107,
     0.30346155252462154
    ],
    [
     -0.2618582266209337,
     -0.8849600037156112,
     0.385066307244097,
     0.6906641414760811
    ],
    [
     0.01860594600501693,
     0.3942852750114404,
     0.918799728277284,
     2.689038628673518
    ],
    [
     0.0,
     0.0,
     0.0,
     1.0
    ]
   ],
   "sharpness": 308.8596916893314
  },
  {
   "file_path": "DSC02100.jpg",
   "transform_matrix": [
    [
     -0.8707554506186671,
     0.15021926261441365,
     -0.4682084133774872,
     -0.5200733906183537
    ],
    [
     -0.49168572227049473,
     -0.2553757282019359,
     0.8324832658742597,
     1.5476091020956018
    ],
    [
     0.0054859578219212364,
     0.9551007332134727,
     0.2962304739250564,
     0.7334652538262433
    ],
    [
     0.0,
     0.0,
     0.0,
     1.0
    ]
   ],
   "sharpness": 223.59845270078614
  },
  {
   "file_path": "DSC02101.jpg",
   "transform_matrix": [
    [
     0.09213154074373801,
     0.336933785418149,
     -0.9370098203562127,
     -1.5182817263747739
    ],
    [
     -0.9957444721754637,
     0.033229039076962126,
     -0.08595799610292001,
     -0.48303007819675964
    ],
    [
     0.0021737829221984474,
     0.9409417916140291,
     0.33856139688687004,
     0.849384001509501
    ],
    [
     0.0,
     0.0,
     0.0,
     1.0
    ]
   ],
   "sharpness": 177.10793850203314
  },
  {
   "file_path": "DSC02102.jpg",
   "transform_matrix": [
    [
     0.9538211156072303,
     0.15927435118443153,
     -0.25467029759388293,
     -0.009007548691095952
    ],
    [
     -0.29000844801169473,
     0.26748909697919176,
     -0.9188823009934978,
     -2.3461401834299487
    ],
    [
     -0.07823285437478704,
     0.9503058792052352,
     0.30132765628852987,
     0.7514190634437476
    ],
    [
     0.0,
     0.0,
     0.0,
     1.0
    ]
   ],
   "sharpness": 252.64564107836105
  },
  {
   "file_path": "DSC02103.jpg",
   "transform_matrix": [
    [
     0.07919613966501005,
     -0.29063851622791637,
     0.9535498017130494,
     2.649508893806577
    ],
    [
     0.9954906426245185,
     0.07316163341111717,
     -0.06038009476343028,
     -0.4655831562310791
    ],
    [
     -0.052214479880429134,
     0.9540317752996765,
     0.29512204222891214,
     0.7892669377982734
    ],
    [
     0.0,
     0.0,
     0.0,
     1.0
    ]
   ],
   "sharpness": 156.19254211560857
  }
 ]
}